### 排序
```python
import numpy as np
arr = np.random.randn(8)
arr
>>>array([-2.49824734, -0.40004712, -0.87554657,  0.31454533,  1.8278497 ,
        0.52513878,  0.17799299,  0.83374211])

arr.sort()
arr
>>>array([-2.49824734, -0.87554657, -0.40004712,  0.17799299,  0.31454533,
        0.52513878,  0.83374211,  1.8278497 ])

arr = np.random.randn(5,3)
arr
>>>array([[-0.16565657, -0.15335212, -2.03631295],
       [ 1.14215426, -0.50757584,  1.84955603],
       [ 0.22922315, -1.29812042,  0.94843952],
       [ 1.27910595, -0.52182487,  0.88433111],
       [-1.38551781,  0.46411351, -0.698081  ]])

arr.sort(1)
arr
>>>array([[-2.03631295, -0.16565657, -0.15335212],
       [-0.50757584,  1.14215426,  1.84955603],
       [-1.29812042,  0.22922315,  0.94843952],
       [-0.52182487,  0.88433111,  1.27910595],
       [-1.38551781, -0.698081  ,  0.46411351]])
```

### 唯一化以及其他的集合逻辑
```python
names = np.array(['Bob','Joe','Will','Bob','Will','Joe','Joe'])
np.unique(names)
>>>array(['Bob', 'Joe', 'Will'], dtype='<U4')

ints = np.array([3,3,3,2,2,1,1,4,4])
np.unique(ints)
>>>array([1, 2, 3, 4])

values = np.array([6,0,0,3,2,5,6])
np.in1d(values,[2,3,6])
>>>array([ True, False, False,  True,  True, False,  True])
```

### 把数组以二进制格式保存到磁盘
- np.save/np.load以未压缩的原始二进制格式保存在扩展名为.npy的文件中
```python
arr = np.arange(10)
np.save('some_array',arr)
np.load('some_array.npy')
>>>array([0, 1, 2, 3, 4, 5, 6, 7, 8, 9])
```
- np.savez可以把多个数组保存在一个压缩文件中。传入关键字参数即可
```python
np.savez('array_archive.npy',a=arr,b=arr)
arch = np.load('array_archive.npy')
arch['b']
>>>array([0, 1, 2, 3, 4, 5, 6, 7, 8, 9])
```

### 存取文本文件
```python
arr = np.loadtxt('array_ex.txt',delimiter=',')
```

### 线性代数
```python
x = np.array([[1.,2.,3.],[4.,5.,6.]])
y = np.array([[6.,23.],[-1,7],[8,9]])
x
>>>array([[1., 2., 3.],
       [4., 5., 6.]])

y
>>>array([[ 6., 23.],
       [-1.,  7.],
       [ 8.,  9.]])

x.dot(y)
>>>array([[ 28.,  64.],
       [ 67., 181.]])

np.dot(x,np.ones(3))
>>>array([ 6., 15.])
```

- inv矩阵的逆
- qr计算QR分解
- svd 奇异值分解
```python
from numpy.linalg import inv,qr
X = np.random.randn(5,5)

mat = X.T.dot(X)
inv(mat)
>>>array([[ 1.68957798, -0.56519392, -0.6261379 , -0.07739239,  0.09259013],
       [-0.56519392,  0.50813013,  0.3531815 , -0.09610859, -0.06405307],
       [-0.6261379 ,  0.3531815 ,  0.78404704, -0.01311374, -0.0536648 ],
       [-0.07739239, -0.09610859, -0.01311374,  0.14822737,  0.04094803],
       [ 0.09259013, -0.06405307, -0.0536648 ,  0.04094803,  0.07835785]])

mat.dot(inv(mat))
>>>array([[ 1.00000000e+00,  2.64279123e-16,  7.46906091e-17,
        -2.24492372e-16, -4.56992592e-17],
       [ 3.89179844e-16,  1.00000000e+00,  1.78876973e-16,
         3.20488120e-17,  4.78503947e-17],
       [ 3.34866499e-16, -1.65330818e-16,  1.00000000e+00,
        -7.07253057e-17,  4.37442065e-17],
       [ 4.87962094e-16,  2.43383388e-16,  6.81721589e-17,
         1.00000000e+00, -1.90874904e-17],
       [-5.50879123e-16,  1.32100786e-16,  5.33569680e-17,
         1.42422241e-16,  1.00000000e+00]])

q,r = qr(mat)
r
>>>array([[ -3.28323491,  -5.97650399,   0.4567477 , -12.97923559,
         10.98741058],
       [  0.        ,  -3.54877343,   1.68726471,  -0.65749768,
         -7.67459559],
       [  0.        ,   0.        ,  -1.63842346,   2.25516174,
         -9.79758725],
       [  0.        ,   0.        ,   0.        ,  -5.2998246 ,
          2.03451325],
       [  0.        ,   0.        ,   0.        ,   0.        ,
          6.54107258]])

```

### 随机数生成
```python
import numpy as np
samples = np.random.normal(size=(4,4)) # 标准正态分布
samples
>>>array([[ 0.36362053,  0.89085972,  0.22788897, -0.81705269],
       [-1.51958734, -0.3640249 ,  0.89746583,  0.15960883],
       [-0.36920307, -0.75823035, -0.53177187, -2.15738747],
       [ 1.12166099,  0.72099335,  0.10810312,  1.52644148]])

from random import normalvariate
N = 1000000

%timeit samples = [normalvariate(0,1) for _ in range(N)]
>>>999 ms ± 168 ms per loop (mean ± std. dev. of 7 runs, 1 loop each)

%timeit np.random.normal(size=N)
>>>37.6 ms ± 11.8 ms per loop (mean ± std. dev. of 7 runs, 10 loops each)
```
